{
 "cells": [
  {
   "cell_type": "markdown",
   "metadata": {},
   "source": [
    "#### Import libraries  "
   ]
  },
  {
   "cell_type": "code",
   "execution_count": 1,
   "metadata": {},
   "outputs": [],
   "source": [
    "import numpy as np\n",
    "import pandas as pd\n",
    "import matplotlib.pyplot as plt\n",
    "from factor_analyzer import FactorAnalyzer"
   ]
  },
  {
   "cell_type": "markdown",
   "metadata": {},
   "source": [
    "#### Parameters  "
   ]
  },
  {
   "cell_type": "code",
   "execution_count": 2,
   "metadata": {},
   "outputs": [],
   "source": [
    "csv_in = 'data.csv'\n",
    "\n",
    "%config InlineBackend.figure_formats = {'png', 'retina'}  # for high-reso graph"
   ]
  },
  {
   "cell_type": "markdown",
   "metadata": {},
   "source": [
    "#### Read CSV data  "
   ]
  },
  {
   "cell_type": "code",
   "execution_count": 3,
   "metadata": {},
   "outputs": [
    {
     "name": "stdout",
     "output_type": "stream",
     "text": [
      "(19719, 57)\n",
      "<class 'pandas.core.frame.DataFrame'>\n",
      "RangeIndex: 19719 entries, 0 to 19718\n",
      "Data columns (total 57 columns):\n",
      " #   Column   Non-Null Count  Dtype \n",
      "---  ------   --------------  ----- \n",
      " 0   race     19719 non-null  int64 \n",
      " 1   age      19719 non-null  int64 \n",
      " 2   engnat   19719 non-null  int64 \n",
      " 3   gender   19719 non-null  int64 \n",
      " 4   hand     19719 non-null  int64 \n",
      " 5   source   19719 non-null  int64 \n",
      " 6   country  19710 non-null  object\n",
      " 7   E1       19719 non-null  int64 \n",
      " 8   E2       19719 non-null  int64 \n",
      " 9   E3       19719 non-null  int64 \n",
      " 10  E4       19719 non-null  int64 \n",
      " 11  E5       19719 non-null  int64 \n",
      " 12  E6       19719 non-null  int64 \n",
      " 13  E7       19719 non-null  int64 \n",
      " 14  E8       19719 non-null  int64 \n",
      " 15  E9       19719 non-null  int64 \n",
      " 16  E10      19719 non-null  int64 \n",
      " 17  N1       19719 non-null  int64 \n",
      " 18  N2       19719 non-null  int64 \n",
      " 19  N3       19719 non-null  int64 \n",
      " 20  N4       19719 non-null  int64 \n",
      " 21  N5       19719 non-null  int64 \n",
      " 22  N6       19719 non-null  int64 \n",
      " 23  N7       19719 non-null  int64 \n",
      " 24  N8       19719 non-null  int64 \n",
      " 25  N9       19719 non-null  int64 \n",
      " 26  N10      19719 non-null  int64 \n",
      " 27  A1       19719 non-null  int64 \n",
      " 28  A2       19719 non-null  int64 \n",
      " 29  A3       19719 non-null  int64 \n",
      " 30  A4       19719 non-null  int64 \n",
      " 31  A5       19719 non-null  int64 \n",
      " 32  A6       19719 non-null  int64 \n",
      " 33  A7       19719 non-null  int64 \n",
      " 34  A8       19719 non-null  int64 \n",
      " 35  A9       19719 non-null  int64 \n",
      " 36  A10      19719 non-null  int64 \n",
      " 37  C1       19719 non-null  int64 \n",
      " 38  C2       19719 non-null  int64 \n",
      " 39  C3       19719 non-null  int64 \n",
      " 40  C4       19719 non-null  int64 \n",
      " 41  C5       19719 non-null  int64 \n",
      " 42  C6       19719 non-null  int64 \n",
      " 43  C7       19719 non-null  int64 \n",
      " 44  C8       19719 non-null  int64 \n",
      " 45  C9       19719 non-null  int64 \n",
      " 46  C10      19719 non-null  int64 \n",
      " 47  O1       19719 non-null  int64 \n",
      " 48  O2       19719 non-null  int64 \n",
      " 49  O3       19719 non-null  int64 \n",
      " 50  O4       19719 non-null  int64 \n",
      " 51  O5       19719 non-null  int64 \n",
      " 52  O6       19719 non-null  int64 \n",
      " 53  O7       19719 non-null  int64 \n",
      " 54  O8       19719 non-null  int64 \n",
      " 55  O9       19719 non-null  int64 \n",
      " 56  O10      19719 non-null  int64 \n",
      "dtypes: int64(56), object(1)\n",
      "memory usage: 8.6+ MB\n",
      "None\n"
     ]
    },
    {
     "data": {
      "text/html": [
       "<div>\n",
       "<style scoped>\n",
       "    .dataframe tbody tr th:only-of-type {\n",
       "        vertical-align: middle;\n",
       "    }\n",
       "\n",
       "    .dataframe tbody tr th {\n",
       "        vertical-align: top;\n",
       "    }\n",
       "\n",
       "    .dataframe thead th {\n",
       "        text-align: right;\n",
       "    }\n",
       "</style>\n",
       "<table border=\"1\" class=\"dataframe\">\n",
       "  <thead>\n",
       "    <tr style=\"text-align: right;\">\n",
       "      <th></th>\n",
       "      <th>race</th>\n",
       "      <th>age</th>\n",
       "      <th>engnat</th>\n",
       "      <th>gender</th>\n",
       "      <th>hand</th>\n",
       "      <th>source</th>\n",
       "      <th>country</th>\n",
       "      <th>E1</th>\n",
       "      <th>E2</th>\n",
       "      <th>E3</th>\n",
       "      <th>...</th>\n",
       "      <th>O1</th>\n",
       "      <th>O2</th>\n",
       "      <th>O3</th>\n",
       "      <th>O4</th>\n",
       "      <th>O5</th>\n",
       "      <th>O6</th>\n",
       "      <th>O7</th>\n",
       "      <th>O8</th>\n",
       "      <th>O9</th>\n",
       "      <th>O10</th>\n",
       "    </tr>\n",
       "  </thead>\n",
       "  <tbody>\n",
       "    <tr>\n",
       "      <th>0</th>\n",
       "      <td>3</td>\n",
       "      <td>53</td>\n",
       "      <td>1</td>\n",
       "      <td>1</td>\n",
       "      <td>1</td>\n",
       "      <td>1</td>\n",
       "      <td>US</td>\n",
       "      <td>4</td>\n",
       "      <td>2</td>\n",
       "      <td>5</td>\n",
       "      <td>...</td>\n",
       "      <td>4</td>\n",
       "      <td>1</td>\n",
       "      <td>3</td>\n",
       "      <td>1</td>\n",
       "      <td>5</td>\n",
       "      <td>1</td>\n",
       "      <td>4</td>\n",
       "      <td>2</td>\n",
       "      <td>5</td>\n",
       "      <td>5</td>\n",
       "    </tr>\n",
       "    <tr>\n",
       "      <th>1</th>\n",
       "      <td>13</td>\n",
       "      <td>46</td>\n",
       "      <td>1</td>\n",
       "      <td>2</td>\n",
       "      <td>1</td>\n",
       "      <td>1</td>\n",
       "      <td>US</td>\n",
       "      <td>2</td>\n",
       "      <td>2</td>\n",
       "      <td>3</td>\n",
       "      <td>...</td>\n",
       "      <td>3</td>\n",
       "      <td>3</td>\n",
       "      <td>3</td>\n",
       "      <td>3</td>\n",
       "      <td>2</td>\n",
       "      <td>3</td>\n",
       "      <td>3</td>\n",
       "      <td>1</td>\n",
       "      <td>3</td>\n",
       "      <td>2</td>\n",
       "    </tr>\n",
       "    <tr>\n",
       "      <th>2</th>\n",
       "      <td>1</td>\n",
       "      <td>14</td>\n",
       "      <td>2</td>\n",
       "      <td>2</td>\n",
       "      <td>1</td>\n",
       "      <td>1</td>\n",
       "      <td>PK</td>\n",
       "      <td>5</td>\n",
       "      <td>1</td>\n",
       "      <td>1</td>\n",
       "      <td>...</td>\n",
       "      <td>4</td>\n",
       "      <td>5</td>\n",
       "      <td>5</td>\n",
       "      <td>1</td>\n",
       "      <td>5</td>\n",
       "      <td>1</td>\n",
       "      <td>5</td>\n",
       "      <td>5</td>\n",
       "      <td>5</td>\n",
       "      <td>5</td>\n",
       "    </tr>\n",
       "    <tr>\n",
       "      <th>3</th>\n",
       "      <td>3</td>\n",
       "      <td>19</td>\n",
       "      <td>2</td>\n",
       "      <td>2</td>\n",
       "      <td>1</td>\n",
       "      <td>1</td>\n",
       "      <td>RO</td>\n",
       "      <td>2</td>\n",
       "      <td>5</td>\n",
       "      <td>2</td>\n",
       "      <td>...</td>\n",
       "      <td>4</td>\n",
       "      <td>3</td>\n",
       "      <td>5</td>\n",
       "      <td>2</td>\n",
       "      <td>4</td>\n",
       "      <td>2</td>\n",
       "      <td>5</td>\n",
       "      <td>2</td>\n",
       "      <td>5</td>\n",
       "      <td>5</td>\n",
       "    </tr>\n",
       "    <tr>\n",
       "      <th>4</th>\n",
       "      <td>11</td>\n",
       "      <td>25</td>\n",
       "      <td>2</td>\n",
       "      <td>2</td>\n",
       "      <td>1</td>\n",
       "      <td>2</td>\n",
       "      <td>US</td>\n",
       "      <td>3</td>\n",
       "      <td>1</td>\n",
       "      <td>3</td>\n",
       "      <td>...</td>\n",
       "      <td>3</td>\n",
       "      <td>1</td>\n",
       "      <td>1</td>\n",
       "      <td>1</td>\n",
       "      <td>3</td>\n",
       "      <td>1</td>\n",
       "      <td>3</td>\n",
       "      <td>1</td>\n",
       "      <td>5</td>\n",
       "      <td>3</td>\n",
       "    </tr>\n",
       "  </tbody>\n",
       "</table>\n",
       "<p>5 rows × 57 columns</p>\n",
       "</div>"
      ],
      "text/plain": [
       "   race  age  engnat  gender  hand  source country  E1  E2  E3  ...  O1  O2  \\\n",
       "0     3   53       1       1     1       1      US   4   2   5  ...   4   1   \n",
       "1    13   46       1       2     1       1      US   2   2   3  ...   3   3   \n",
       "2     1   14       2       2     1       1      PK   5   1   1  ...   4   5   \n",
       "3     3   19       2       2     1       1      RO   2   5   2  ...   4   3   \n",
       "4    11   25       2       2     1       2      US   3   1   3  ...   3   1   \n",
       "\n",
       "   O3  O4  O5  O6  O7  O8  O9  O10  \n",
       "0   3   1   5   1   4   2   5    5  \n",
       "1   3   3   2   3   3   1   3    2  \n",
       "2   5   1   5   1   5   5   5    5  \n",
       "3   5   2   4   2   5   2   5    5  \n",
       "4   1   1   3   1   3   1   5    3  \n",
       "\n",
       "[5 rows x 57 columns]"
      ]
     },
     "metadata": {},
     "output_type": "display_data"
    }
   ],
   "source": [
    "df_all = pd.read_csv(csv_in, delimiter='\\t', header=0)\n",
    "print(df_all.shape)\n",
    "print(df_all.info())\n",
    "display(df_all.head())"
   ]
  },
  {
   "cell_type": "markdown",
   "metadata": {},
   "source": [
    "For simplicity, we will only use variables starting with 'N' and 'E'."
   ]
  },
  {
   "cell_type": "code",
   "execution_count": 4,
   "metadata": {},
   "outputs": [],
   "source": [
    "df = df_all.loc[:, 'E1':'N10']"
   ]
  },
  {
   "cell_type": "markdown",
   "metadata": {},
   "source": [
    "#### Factor analysis  "
   ]
  },
  {
   "cell_type": "code",
   "execution_count": 5,
   "metadata": {},
   "outputs": [
    {
     "data": {
      "text/plain": [
       "FactorAnalyzer(method='ml', n_factors=2, rotation='varimax', rotation_kwargs={})"
      ]
     },
     "execution_count": 5,
     "metadata": {},
     "output_type": "execute_result"
    }
   ],
   "source": [
    "fa = FactorAnalyzer(n_factors=2, rotation='varimax', method='ml')\n",
    "fa.fit(df.values)"
   ]
  },
  {
   "cell_type": "markdown",
   "metadata": {},
   "source": [
    "#### Correlation matrix "
   ]
  },
  {
   "cell_type": "code",
   "execution_count": 6,
   "metadata": {},
   "outputs": [
    {
     "data": {
      "text/html": [
       "<div>\n",
       "<style scoped>\n",
       "    .dataframe tbody tr th:only-of-type {\n",
       "        vertical-align: middle;\n",
       "    }\n",
       "\n",
       "    .dataframe tbody tr th {\n",
       "        vertical-align: top;\n",
       "    }\n",
       "\n",
       "    .dataframe thead th {\n",
       "        text-align: right;\n",
       "    }\n",
       "</style>\n",
       "<table border=\"1\" class=\"dataframe\">\n",
       "  <thead>\n",
       "    <tr style=\"text-align: right;\">\n",
       "      <th></th>\n",
       "      <th>E1</th>\n",
       "      <th>E2</th>\n",
       "      <th>E3</th>\n",
       "      <th>E4</th>\n",
       "      <th>E5</th>\n",
       "      <th>E6</th>\n",
       "      <th>E7</th>\n",
       "      <th>E8</th>\n",
       "      <th>E9</th>\n",
       "      <th>E10</th>\n",
       "      <th>N1</th>\n",
       "      <th>N2</th>\n",
       "      <th>N3</th>\n",
       "      <th>N4</th>\n",
       "      <th>N5</th>\n",
       "      <th>N6</th>\n",
       "      <th>N7</th>\n",
       "      <th>N8</th>\n",
       "      <th>N9</th>\n",
       "      <th>N10</th>\n",
       "    </tr>\n",
       "  </thead>\n",
       "  <tbody>\n",
       "    <tr>\n",
       "      <th>E1</th>\n",
       "      <td>1.000000</td>\n",
       "      <td>-0.421009</td>\n",
       "      <td>0.474275</td>\n",
       "      <td>-0.483781</td>\n",
       "      <td>0.479101</td>\n",
       "      <td>-0.346676</td>\n",
       "      <td>0.588100</td>\n",
       "      <td>-0.366534</td>\n",
       "      <td>0.455476</td>\n",
       "      <td>-0.414282</td>\n",
       "      <td>-0.113651</td>\n",
       "      <td>0.151386</td>\n",
       "      <td>-0.119553</td>\n",
       "      <td>0.135326</td>\n",
       "      <td>-0.071058</td>\n",
       "      <td>-0.101821</td>\n",
       "      <td>-0.045938</td>\n",
       "      <td>-0.054888</td>\n",
       "      <td>-0.092058</td>\n",
       "      <td>-0.194235</td>\n",
       "    </tr>\n",
       "    <tr>\n",
       "      <th>E2</th>\n",
       "      <td>-0.421009</td>\n",
       "      <td>1.000000</td>\n",
       "      <td>-0.445537</td>\n",
       "      <td>0.527723</td>\n",
       "      <td>-0.539518</td>\n",
       "      <td>0.570819</td>\n",
       "      <td>-0.479932</td>\n",
       "      <td>0.373481</td>\n",
       "      <td>-0.364713</td>\n",
       "      <td>0.463642</td>\n",
       "      <td>0.060808</td>\n",
       "      <td>-0.029237</td>\n",
       "      <td>0.057949</td>\n",
       "      <td>-0.065595</td>\n",
       "      <td>0.044101</td>\n",
       "      <td>0.041922</td>\n",
       "      <td>0.037769</td>\n",
       "      <td>0.053351</td>\n",
       "      <td>0.046099</td>\n",
       "      <td>0.188779</td>\n",
       "    </tr>\n",
       "    <tr>\n",
       "      <th>E3</th>\n",
       "      <td>0.474275</td>\n",
       "      <td>-0.445537</td>\n",
       "      <td>1.000000</td>\n",
       "      <td>-0.481006</td>\n",
       "      <td>0.590660</td>\n",
       "      <td>-0.393412</td>\n",
       "      <td>0.579883</td>\n",
       "      <td>-0.320097</td>\n",
       "      <td>0.423473</td>\n",
       "      <td>-0.473928</td>\n",
       "      <td>-0.234579</td>\n",
       "      <td>0.281804</td>\n",
       "      <td>-0.198323</td>\n",
       "      <td>0.199955</td>\n",
       "      <td>-0.183207</td>\n",
       "      <td>-0.221093</td>\n",
       "      <td>-0.210228</td>\n",
       "      <td>-0.234068</td>\n",
       "      <td>-0.251364</td>\n",
       "      <td>-0.360656</td>\n",
       "    </tr>\n",
       "    <tr>\n",
       "      <th>E4</th>\n",
       "      <td>-0.483781</td>\n",
       "      <td>0.527723</td>\n",
       "      <td>-0.481006</td>\n",
       "      <td>1.000000</td>\n",
       "      <td>-0.510068</td>\n",
       "      <td>0.474928</td>\n",
       "      <td>-0.503229</td>\n",
       "      <td>0.446221</td>\n",
       "      <td>-0.450755</td>\n",
       "      <td>0.510477</td>\n",
       "      <td>0.154786</td>\n",
       "      <td>-0.088983</td>\n",
       "      <td>0.180651</td>\n",
       "      <td>-0.114245</td>\n",
       "      <td>0.128268</td>\n",
       "      <td>0.154214</td>\n",
       "      <td>0.138420</td>\n",
       "      <td>0.145239</td>\n",
       "      <td>0.149071</td>\n",
       "      <td>0.277181</td>\n",
       "    </tr>\n",
       "    <tr>\n",
       "      <th>E5</th>\n",
       "      <td>0.479101</td>\n",
       "      <td>-0.539518</td>\n",
       "      <td>0.590660</td>\n",
       "      <td>-0.510068</td>\n",
       "      <td>1.000000</td>\n",
       "      <td>-0.480675</td>\n",
       "      <td>0.630796</td>\n",
       "      <td>-0.344639</td>\n",
       "      <td>0.416147</td>\n",
       "      <td>-0.542389</td>\n",
       "      <td>-0.126033</td>\n",
       "      <td>0.132877</td>\n",
       "      <td>-0.094317</td>\n",
       "      <td>0.115515</td>\n",
       "      <td>-0.101736</td>\n",
       "      <td>-0.119409</td>\n",
       "      <td>-0.102190</td>\n",
       "      <td>-0.121051</td>\n",
       "      <td>-0.141739</td>\n",
       "      <td>-0.240457</td>\n",
       "    </tr>\n",
       "    <tr>\n",
       "      <th>E6</th>\n",
       "      <td>-0.346676</td>\n",
       "      <td>0.570819</td>\n",
       "      <td>-0.393412</td>\n",
       "      <td>0.474928</td>\n",
       "      <td>-0.480675</td>\n",
       "      <td>1.000000</td>\n",
       "      <td>-0.405476</td>\n",
       "      <td>0.320371</td>\n",
       "      <td>-0.330175</td>\n",
       "      <td>0.412007</td>\n",
       "      <td>0.107439</td>\n",
       "      <td>-0.050832</td>\n",
       "      <td>0.088337</td>\n",
       "      <td>-0.052615</td>\n",
       "      <td>0.138333</td>\n",
       "      <td>0.127916</td>\n",
       "      <td>0.112145</td>\n",
       "      <td>0.121092</td>\n",
       "      <td>0.121757</td>\n",
       "      <td>0.202192</td>\n",
       "    </tr>\n",
       "    <tr>\n",
       "      <th>E7</th>\n",
       "      <td>0.588100</td>\n",
       "      <td>-0.479932</td>\n",
       "      <td>0.579883</td>\n",
       "      <td>-0.503229</td>\n",
       "      <td>0.630796</td>\n",
       "      <td>-0.405476</td>\n",
       "      <td>1.000000</td>\n",
       "      <td>-0.344825</td>\n",
       "      <td>0.433230</td>\n",
       "      <td>-0.533139</td>\n",
       "      <td>-0.140447</td>\n",
       "      <td>0.155820</td>\n",
       "      <td>-0.131736</td>\n",
       "      <td>0.130521</td>\n",
       "      <td>-0.109312</td>\n",
       "      <td>-0.142770</td>\n",
       "      <td>-0.092573</td>\n",
       "      <td>-0.113498</td>\n",
       "      <td>-0.146747</td>\n",
       "      <td>-0.240949</td>\n",
       "    </tr>\n",
       "    <tr>\n",
       "      <th>E8</th>\n",
       "      <td>-0.366534</td>\n",
       "      <td>0.373481</td>\n",
       "      <td>-0.320097</td>\n",
       "      <td>0.446221</td>\n",
       "      <td>-0.344639</td>\n",
       "      <td>0.320371</td>\n",
       "      <td>-0.344825</td>\n",
       "      <td>1.000000</td>\n",
       "      <td>-0.514314</td>\n",
       "      <td>0.380939</td>\n",
       "      <td>0.089123</td>\n",
       "      <td>-0.051126</td>\n",
       "      <td>0.112310</td>\n",
       "      <td>-0.082313</td>\n",
       "      <td>0.042486</td>\n",
       "      <td>0.054127</td>\n",
       "      <td>0.021320</td>\n",
       "      <td>0.021223</td>\n",
       "      <td>0.069231</td>\n",
       "      <td>0.133073</td>\n",
       "    </tr>\n",
       "    <tr>\n",
       "      <th>E9</th>\n",
       "      <td>0.455476</td>\n",
       "      <td>-0.364713</td>\n",
       "      <td>0.423473</td>\n",
       "      <td>-0.450755</td>\n",
       "      <td>0.416147</td>\n",
       "      <td>-0.330175</td>\n",
       "      <td>0.433230</td>\n",
       "      <td>-0.514314</td>\n",
       "      <td>1.000000</td>\n",
       "      <td>-0.371440</td>\n",
       "      <td>-0.128761</td>\n",
       "      <td>0.135756</td>\n",
       "      <td>-0.111499</td>\n",
       "      <td>0.119811</td>\n",
       "      <td>-0.061148</td>\n",
       "      <td>-0.083486</td>\n",
       "      <td>-0.025855</td>\n",
       "      <td>-0.044048</td>\n",
       "      <td>-0.074122</td>\n",
       "      <td>-0.154636</td>\n",
       "    </tr>\n",
       "    <tr>\n",
       "      <th>E10</th>\n",
       "      <td>-0.414282</td>\n",
       "      <td>0.463642</td>\n",
       "      <td>-0.473928</td>\n",
       "      <td>0.510477</td>\n",
       "      <td>-0.542389</td>\n",
       "      <td>0.412007</td>\n",
       "      <td>-0.533139</td>\n",
       "      <td>0.380939</td>\n",
       "      <td>-0.371440</td>\n",
       "      <td>1.000000</td>\n",
       "      <td>0.181037</td>\n",
       "      <td>-0.092602</td>\n",
       "      <td>0.200157</td>\n",
       "      <td>-0.113060</td>\n",
       "      <td>0.149534</td>\n",
       "      <td>0.177927</td>\n",
       "      <td>0.161981</td>\n",
       "      <td>0.157125</td>\n",
       "      <td>0.204016</td>\n",
       "      <td>0.248718</td>\n",
       "    </tr>\n",
       "    <tr>\n",
       "      <th>N1</th>\n",
       "      <td>-0.113651</td>\n",
       "      <td>0.060808</td>\n",
       "      <td>-0.234579</td>\n",
       "      <td>0.154786</td>\n",
       "      <td>-0.126033</td>\n",
       "      <td>0.107439</td>\n",
       "      <td>-0.140447</td>\n",
       "      <td>0.089123</td>\n",
       "      <td>-0.128761</td>\n",
       "      <td>0.181037</td>\n",
       "      <td>1.000000</td>\n",
       "      <td>-0.464167</td>\n",
       "      <td>0.553714</td>\n",
       "      <td>-0.250632</td>\n",
       "      <td>0.389769</td>\n",
       "      <td>0.535274</td>\n",
       "      <td>0.415586</td>\n",
       "      <td>0.433760</td>\n",
       "      <td>0.485879</td>\n",
       "      <td>0.421863</td>\n",
       "    </tr>\n",
       "    <tr>\n",
       "      <th>N2</th>\n",
       "      <td>0.151386</td>\n",
       "      <td>-0.029237</td>\n",
       "      <td>0.281804</td>\n",
       "      <td>-0.088983</td>\n",
       "      <td>0.132877</td>\n",
       "      <td>-0.050832</td>\n",
       "      <td>0.155820</td>\n",
       "      <td>-0.051126</td>\n",
       "      <td>0.135756</td>\n",
       "      <td>-0.092602</td>\n",
       "      <td>-0.464167</td>\n",
       "      <td>1.000000</td>\n",
       "      <td>-0.395833</td>\n",
       "      <td>0.263703</td>\n",
       "      <td>-0.257962</td>\n",
       "      <td>-0.382252</td>\n",
       "      <td>-0.294504</td>\n",
       "      <td>-0.326569</td>\n",
       "      <td>-0.339164</td>\n",
       "      <td>-0.358016</td>\n",
       "    </tr>\n",
       "    <tr>\n",
       "      <th>N3</th>\n",
       "      <td>-0.119553</td>\n",
       "      <td>0.057949</td>\n",
       "      <td>-0.198323</td>\n",
       "      <td>0.180651</td>\n",
       "      <td>-0.094317</td>\n",
       "      <td>0.088337</td>\n",
       "      <td>-0.131736</td>\n",
       "      <td>0.112310</td>\n",
       "      <td>-0.111499</td>\n",
       "      <td>0.200157</td>\n",
       "      <td>0.553714</td>\n",
       "      <td>-0.395833</td>\n",
       "      <td>1.000000</td>\n",
       "      <td>-0.250714</td>\n",
       "      <td>0.319139</td>\n",
       "      <td>0.447231</td>\n",
       "      <td>0.356049</td>\n",
       "      <td>0.354323</td>\n",
       "      <td>0.383926</td>\n",
       "      <td>0.393290</td>\n",
       "    </tr>\n",
       "    <tr>\n",
       "      <th>N4</th>\n",
       "      <td>0.135326</td>\n",
       "      <td>-0.065595</td>\n",
       "      <td>0.199955</td>\n",
       "      <td>-0.114245</td>\n",
       "      <td>0.115515</td>\n",
       "      <td>-0.052615</td>\n",
       "      <td>0.130521</td>\n",
       "      <td>-0.082313</td>\n",
       "      <td>0.119811</td>\n",
       "      <td>-0.113060</td>\n",
       "      <td>-0.250632</td>\n",
       "      <td>0.263703</td>\n",
       "      <td>-0.250714</td>\n",
       "      <td>1.000000</td>\n",
       "      <td>-0.129746</td>\n",
       "      <td>-0.211495</td>\n",
       "      <td>-0.237697</td>\n",
       "      <td>-0.249952</td>\n",
       "      <td>-0.195854</td>\n",
       "      <td>-0.392864</td>\n",
       "    </tr>\n",
       "    <tr>\n",
       "      <th>N5</th>\n",
       "      <td>-0.071058</td>\n",
       "      <td>0.044101</td>\n",
       "      <td>-0.183207</td>\n",
       "      <td>0.128268</td>\n",
       "      <td>-0.101736</td>\n",
       "      <td>0.138333</td>\n",
       "      <td>-0.109312</td>\n",
       "      <td>0.042486</td>\n",
       "      <td>-0.061148</td>\n",
       "      <td>0.149534</td>\n",
       "      <td>0.389769</td>\n",
       "      <td>-0.257962</td>\n",
       "      <td>0.319139</td>\n",
       "      <td>-0.129746</td>\n",
       "      <td>1.000000</td>\n",
       "      <td>0.480134</td>\n",
       "      <td>0.370887</td>\n",
       "      <td>0.392354</td>\n",
       "      <td>0.432483</td>\n",
       "      <td>0.313838</td>\n",
       "    </tr>\n",
       "    <tr>\n",
       "      <th>N6</th>\n",
       "      <td>-0.101821</td>\n",
       "      <td>0.041922</td>\n",
       "      <td>-0.221093</td>\n",
       "      <td>0.154214</td>\n",
       "      <td>-0.119409</td>\n",
       "      <td>0.127916</td>\n",
       "      <td>-0.142770</td>\n",
       "      <td>0.054127</td>\n",
       "      <td>-0.083486</td>\n",
       "      <td>0.177927</td>\n",
       "      <td>0.535274</td>\n",
       "      <td>-0.382252</td>\n",
       "      <td>0.447231</td>\n",
       "      <td>-0.211495</td>\n",
       "      <td>0.480134</td>\n",
       "      <td>1.000000</td>\n",
       "      <td>0.506894</td>\n",
       "      <td>0.540063</td>\n",
       "      <td>0.603025</td>\n",
       "      <td>0.449610</td>\n",
       "    </tr>\n",
       "    <tr>\n",
       "      <th>N7</th>\n",
       "      <td>-0.045938</td>\n",
       "      <td>0.037769</td>\n",
       "      <td>-0.210228</td>\n",
       "      <td>0.138420</td>\n",
       "      <td>-0.102190</td>\n",
       "      <td>0.112145</td>\n",
       "      <td>-0.092573</td>\n",
       "      <td>0.021320</td>\n",
       "      <td>-0.025855</td>\n",
       "      <td>0.161981</td>\n",
       "      <td>0.415586</td>\n",
       "      <td>-0.294504</td>\n",
       "      <td>0.356049</td>\n",
       "      <td>-0.237697</td>\n",
       "      <td>0.370887</td>\n",
       "      <td>0.506894</td>\n",
       "      <td>1.000000</td>\n",
       "      <td>0.768083</td>\n",
       "      <td>0.503681</td>\n",
       "      <td>0.480164</td>\n",
       "    </tr>\n",
       "    <tr>\n",
       "      <th>N8</th>\n",
       "      <td>-0.054888</td>\n",
       "      <td>0.053351</td>\n",
       "      <td>-0.234068</td>\n",
       "      <td>0.145239</td>\n",
       "      <td>-0.121051</td>\n",
       "      <td>0.121092</td>\n",
       "      <td>-0.113498</td>\n",
       "      <td>0.021223</td>\n",
       "      <td>-0.044048</td>\n",
       "      <td>0.157125</td>\n",
       "      <td>0.433760</td>\n",
       "      <td>-0.326569</td>\n",
       "      <td>0.354323</td>\n",
       "      <td>-0.249952</td>\n",
       "      <td>0.392354</td>\n",
       "      <td>0.540063</td>\n",
       "      <td>0.768083</td>\n",
       "      <td>1.000000</td>\n",
       "      <td>0.528335</td>\n",
       "      <td>0.541539</td>\n",
       "    </tr>\n",
       "    <tr>\n",
       "      <th>N9</th>\n",
       "      <td>-0.092058</td>\n",
       "      <td>0.046099</td>\n",
       "      <td>-0.251364</td>\n",
       "      <td>0.149071</td>\n",
       "      <td>-0.141739</td>\n",
       "      <td>0.121757</td>\n",
       "      <td>-0.146747</td>\n",
       "      <td>0.069231</td>\n",
       "      <td>-0.074122</td>\n",
       "      <td>0.204016</td>\n",
       "      <td>0.485879</td>\n",
       "      <td>-0.339164</td>\n",
       "      <td>0.383926</td>\n",
       "      <td>-0.195854</td>\n",
       "      <td>0.432483</td>\n",
       "      <td>0.603025</td>\n",
       "      <td>0.503681</td>\n",
       "      <td>0.528335</td>\n",
       "      <td>1.000000</td>\n",
       "      <td>0.414072</td>\n",
       "    </tr>\n",
       "    <tr>\n",
       "      <th>N10</th>\n",
       "      <td>-0.194235</td>\n",
       "      <td>0.188779</td>\n",
       "      <td>-0.360656</td>\n",
       "      <td>0.277181</td>\n",
       "      <td>-0.240457</td>\n",
       "      <td>0.202192</td>\n",
       "      <td>-0.240949</td>\n",
       "      <td>0.133073</td>\n",
       "      <td>-0.154636</td>\n",
       "      <td>0.248718</td>\n",
       "      <td>0.421863</td>\n",
       "      <td>-0.358016</td>\n",
       "      <td>0.393290</td>\n",
       "      <td>-0.392864</td>\n",
       "      <td>0.313838</td>\n",
       "      <td>0.449610</td>\n",
       "      <td>0.480164</td>\n",
       "      <td>0.541539</td>\n",
       "      <td>0.414072</td>\n",
       "      <td>1.000000</td>\n",
       "    </tr>\n",
       "  </tbody>\n",
       "</table>\n",
       "</div>"
      ],
      "text/plain": [
       "           E1        E2        E3        E4        E5        E6        E7  \\\n",
       "E1   1.000000 -0.421009  0.474275 -0.483781  0.479101 -0.346676  0.588100   \n",
       "E2  -0.421009  1.000000 -0.445537  0.527723 -0.539518  0.570819 -0.479932   \n",
       "E3   0.474275 -0.445537  1.000000 -0.481006  0.590660 -0.393412  0.579883   \n",
       "E4  -0.483781  0.527723 -0.481006  1.000000 -0.510068  0.474928 -0.503229   \n",
       "E5   0.479101 -0.539518  0.590660 -0.510068  1.000000 -0.480675  0.630796   \n",
       "E6  -0.346676  0.570819 -0.393412  0.474928 -0.480675  1.000000 -0.405476   \n",
       "E7   0.588100 -0.479932  0.579883 -0.503229  0.630796 -0.405476  1.000000   \n",
       "E8  -0.366534  0.373481 -0.320097  0.446221 -0.344639  0.320371 -0.344825   \n",
       "E9   0.455476 -0.364713  0.423473 -0.450755  0.416147 -0.330175  0.433230   \n",
       "E10 -0.414282  0.463642 -0.473928  0.510477 -0.542389  0.412007 -0.533139   \n",
       "N1  -0.113651  0.060808 -0.234579  0.154786 -0.126033  0.107439 -0.140447   \n",
       "N2   0.151386 -0.029237  0.281804 -0.088983  0.132877 -0.050832  0.155820   \n",
       "N3  -0.119553  0.057949 -0.198323  0.180651 -0.094317  0.088337 -0.131736   \n",
       "N4   0.135326 -0.065595  0.199955 -0.114245  0.115515 -0.052615  0.130521   \n",
       "N5  -0.071058  0.044101 -0.183207  0.128268 -0.101736  0.138333 -0.109312   \n",
       "N6  -0.101821  0.041922 -0.221093  0.154214 -0.119409  0.127916 -0.142770   \n",
       "N7  -0.045938  0.037769 -0.210228  0.138420 -0.102190  0.112145 -0.092573   \n",
       "N8  -0.054888  0.053351 -0.234068  0.145239 -0.121051  0.121092 -0.113498   \n",
       "N9  -0.092058  0.046099 -0.251364  0.149071 -0.141739  0.121757 -0.146747   \n",
       "N10 -0.194235  0.188779 -0.360656  0.277181 -0.240457  0.202192 -0.240949   \n",
       "\n",
       "           E8        E9       E10        N1        N2        N3        N4  \\\n",
       "E1  -0.366534  0.455476 -0.414282 -0.113651  0.151386 -0.119553  0.135326   \n",
       "E2   0.373481 -0.364713  0.463642  0.060808 -0.029237  0.057949 -0.065595   \n",
       "E3  -0.320097  0.423473 -0.473928 -0.234579  0.281804 -0.198323  0.199955   \n",
       "E4   0.446221 -0.450755  0.510477  0.154786 -0.088983  0.180651 -0.114245   \n",
       "E5  -0.344639  0.416147 -0.542389 -0.126033  0.132877 -0.094317  0.115515   \n",
       "E6   0.320371 -0.330175  0.412007  0.107439 -0.050832  0.088337 -0.052615   \n",
       "E7  -0.344825  0.433230 -0.533139 -0.140447  0.155820 -0.131736  0.130521   \n",
       "E8   1.000000 -0.514314  0.380939  0.089123 -0.051126  0.112310 -0.082313   \n",
       "E9  -0.514314  1.000000 -0.371440 -0.128761  0.135756 -0.111499  0.119811   \n",
       "E10  0.380939 -0.371440  1.000000  0.181037 -0.092602  0.200157 -0.113060   \n",
       "N1   0.089123 -0.128761  0.181037  1.000000 -0.464167  0.553714 -0.250632   \n",
       "N2  -0.051126  0.135756 -0.092602 -0.464167  1.000000 -0.395833  0.263703   \n",
       "N3   0.112310 -0.111499  0.200157  0.553714 -0.395833  1.000000 -0.250714   \n",
       "N4  -0.082313  0.119811 -0.113060 -0.250632  0.263703 -0.250714  1.000000   \n",
       "N5   0.042486 -0.061148  0.149534  0.389769 -0.257962  0.319139 -0.129746   \n",
       "N6   0.054127 -0.083486  0.177927  0.535274 -0.382252  0.447231 -0.211495   \n",
       "N7   0.021320 -0.025855  0.161981  0.415586 -0.294504  0.356049 -0.237697   \n",
       "N8   0.021223 -0.044048  0.157125  0.433760 -0.326569  0.354323 -0.249952   \n",
       "N9   0.069231 -0.074122  0.204016  0.485879 -0.339164  0.383926 -0.195854   \n",
       "N10  0.133073 -0.154636  0.248718  0.421863 -0.358016  0.393290 -0.392864   \n",
       "\n",
       "           N5        N6        N7        N8        N9       N10  \n",
       "E1  -0.071058 -0.101821 -0.045938 -0.054888 -0.092058 -0.194235  \n",
       "E2   0.044101  0.041922  0.037769  0.053351  0.046099  0.188779  \n",
       "E3  -0.183207 -0.221093 -0.210228 -0.234068 -0.251364 -0.360656  \n",
       "E4   0.128268  0.154214  0.138420  0.145239  0.149071  0.277181  \n",
       "E5  -0.101736 -0.119409 -0.102190 -0.121051 -0.141739 -0.240457  \n",
       "E6   0.138333  0.127916  0.112145  0.121092  0.121757  0.202192  \n",
       "E7  -0.109312 -0.142770 -0.092573 -0.113498 -0.146747 -0.240949  \n",
       "E8   0.042486  0.054127  0.021320  0.021223  0.069231  0.133073  \n",
       "E9  -0.061148 -0.083486 -0.025855 -0.044048 -0.074122 -0.154636  \n",
       "E10  0.149534  0.177927  0.161981  0.157125  0.204016  0.248718  \n",
       "N1   0.389769  0.535274  0.415586  0.433760  0.485879  0.421863  \n",
       "N2  -0.257962 -0.382252 -0.294504 -0.326569 -0.339164 -0.358016  \n",
       "N3   0.319139  0.447231  0.356049  0.354323  0.383926  0.393290  \n",
       "N4  -0.129746 -0.211495 -0.237697 -0.249952 -0.195854 -0.392864  \n",
       "N5   1.000000  0.480134  0.370887  0.392354  0.432483  0.313838  \n",
       "N6   0.480134  1.000000  0.506894  0.540063  0.603025  0.449610  \n",
       "N7   0.370887  0.506894  1.000000  0.768083  0.503681  0.480164  \n",
       "N8   0.392354  0.540063  0.768083  1.000000  0.528335  0.541539  \n",
       "N9   0.432483  0.603025  0.503681  0.528335  1.000000  0.414072  \n",
       "N10  0.313838  0.449610  0.480164  0.541539  0.414072  1.000000  "
      ]
     },
     "metadata": {},
     "output_type": "display_data"
    }
   ],
   "source": [
    "df_corr = df.corr(method='pearson')\n",
    "display(df_corr)"
   ]
  },
  {
   "cell_type": "markdown",
   "metadata": {},
   "source": [
    "#### Eigenvalues "
   ]
  },
  {
   "cell_type": "code",
   "execution_count": 7,
   "metadata": {},
   "outputs": [
    {
     "name": "stdout",
     "output_type": "stream",
     "text": [
      "0     6.212833\n",
      "1     3.644590\n",
      "2     1.118892\n",
      "3     0.975735\n",
      "4     0.867210\n",
      "5     0.771777\n",
      "6     0.682567\n",
      "7     0.657669\n",
      "8     0.566297\n",
      "9     0.537943\n",
      "10    0.490574\n",
      "11    0.478122\n",
      "12    0.443051\n",
      "13    0.429617\n",
      "14    0.418114\n",
      "15    0.393774\n",
      "16    0.389785\n",
      "17    0.364432\n",
      "18    0.332415\n",
      "19    0.224603\n",
      "dtype: float64\n",
      "0     5.681696\n",
      "1     3.116674\n",
      "2     0.517423\n",
      "3     0.343824\n",
      "4     0.283700\n",
      "5     0.191953\n",
      "6     0.063696\n",
      "7     0.035135\n",
      "8     0.021259\n",
      "9    -0.040572\n",
      "10   -0.051418\n",
      "11   -0.073279\n",
      "12   -0.099388\n",
      "13   -0.116816\n",
      "14   -0.157720\n",
      "15   -0.162723\n",
      "16   -0.165454\n",
      "17   -0.184851\n",
      "18   -0.199457\n",
      "19   -0.223007\n",
      "dtype: float64\n"
     ]
    }
   ],
   "source": [
    "eigen_org, eigen_cf = fa.get_eigenvalues()\n",
    "ser_eigen_org = pd.Series(eigen_org)\n",
    "ser_eigen_cf = pd.Series(eigen_cf)\n",
    "print(ser_eigen_org)\n",
    "print(ser_eigen_cf)"
   ]
  },
  {
   "cell_type": "markdown",
   "metadata": {},
   "source": [
    "#### Scree plot"
   ]
  },
  {
   "cell_type": "code",
   "execution_count": 8,
   "metadata": {},
   "outputs": [
    {
     "data": {
